3633.764160    6.680177e-15
3635.505645    6.662904e-15
3637.247130    6.639458e-15
3638.988615    6.612145e-15
3640.730099    6.580555e-15
3642.471584    6.545197e-15
3644.213069    6.504885e-15
3645.954554    6.491350e-15
3647.696038    6.458027e-15
3649.437523    6.450722e-15
3651.179008    6.237959e-15
3652.920493    6.102512e-15
3654.661978    6.174240e-15
3656.403462    6.158704e-15
3658.144947    6.299804e-15
3659.886432    6.371619e-15
3661.627917    6.549540e-15
3663.369401    7.053793e-15
3665.110886    6.723491e-15
3666.852371    6.463107e-15
3668.593856    6.358372e-15
3670.335341    6.464036e-15
3672.076825    6.623090e-15
3673.818310    6.974328e-15
3675.559795    6.753537e-15
3677.301280    6.823457e-15
3679.042764    7.073608e-15
3680.784249    7.117033e-15
3682.525734    7.384795e-15
3684.267219    8.178555e-15
3686.008704    8.138445e-15
3687.750188    7.518948e-15
3689.491673    8.066158e-15
3691.233158    8.484122e-15
3692.974643    7.937763e-15
3694.716128    7.637031e-15
3696.457612    7.151000e-15
3698.199097    7.404580e-15
3699.940582    7.536596e-15
3701.682067    7.047453e-15
3703.423551    6.656571e-15
3705.165036    6.032032e-15
3706.906521    5.817684e-15
3708.648006    6.192022e-15
3710.389491    6.338077e-15
3712.130975    6.379045e-15
3713.872460    6.565798e-15
3715.613945    6.589091e-15
3717.355430    6.972949e-15
3719.096914    6.986307e-15
3720.838399    6.735482e-15
3722.579884    7.028543e-15
3724.321369    7.287750e-15
3726.062854    7.297541e-15
3727.804338    5.927359e-15
3729.545823    5.856446e-15
3731.287308    5.867268e-15
3733.028793    5.846941e-15
3734.770277    5.485590e-15
3736.511762    5.171201e-15
3738.253247    5.348675e-15
3739.994732    5.402535e-15
3741.736217    5.435888e-15
3743.477701    5.480150e-15
3745.219186    5.606775e-15
3746.960671    5.568367e-15
3748.702156    5.584104e-15
3750.443641    5.535879e-15
3752.185125    5.503565e-15
3753.926610    5.552771e-15
3755.668095    5.552666e-15
3757.409580    5.535395e-15
3759.151064    5.568391e-15
3760.892549    5.916813e-15
3762.634034    6.242579e-15
3764.375519    6.370739e-15
3766.117004    6.468232e-15
3767.858488    6.999740e-15
3769.599973    7.172854e-15
3771.341458    7.319025e-15
3773.082943    7.429601e-15
3774.824427    7.425503e-15
3776.565912    7.389664e-15
3778.307397    7.170091e-15
3780.048882    7.123273e-15
3781.790367    6.790130e-15
3783.531851    6.713224e-15
3785.273336    6.481244e-15
3787.014821    6.268715e-15
3788.756306    6.481079e-15
3790.497790    6.561676e-15
3792.239275    6.540656e-15
3793.980760    7.020515e-15
3795.722245    7.187848e-15
3797.463730    7.215071e-15
3799.205214    7.522358e-15
3800.946699    7.825789e-15
3802.688184    7.835077e-15
3804.429669    7.371545e-15
3806.171154    6.992996e-15
3807.912638    6.957022e-15
3809.654123    6.601746e-15
3811.395608    6.387778e-15
3813.137093    6.188113e-15
3814.878577    6.023100e-15
3816.620062    5.755928e-15
3818.361547    5.755721e-15
3820.103032    5.726095e-15
3821.844517    5.473577e-15
3823.586001    7.371999e-15
3825.327486    7.443835e-15
3827.068971    7.508457e-15
3828.810456    7.632629e-15
3830.551940    7.704770e-15
3832.293425    7.991553e-15
3834.034910    8.163983e-15
3835.776395    7.878201e-15
3837.517880    7.823099e-15
3839.259364    7.848148e-15
3841.000849    7.980738e-15
3842.742334    7.888586e-15
3844.483819    7.872150e-15
3846.225303    7.787858e-15
3847.966788    7.656326e-15
3849.708273    7.895876e-15
3851.449758    8.097947e-15
3853.191243    8.061065e-15
3854.932727    8.192806e-15
3856.674212    8.270174e-15
3858.415697    8.016684e-15
3860.157182    7.767595e-15
3861.898667    7.491416e-15
3863.640151    7.098186e-15
3865.381636    6.801324e-15
3867.123121    6.489950e-15
3868.864606    6.414121e-15
3870.606090    6.314231e-15
3872.347575    6.097098e-15
3874.089060    5.843247e-15
3875.830545    5.720225e-15
3877.572030    5.507750e-15
3879.313514    5.551150e-15
3881.054999    5.787768e-15
3882.796484    6.260291e-15
3884.537969    6.684294e-15
3886.279453    7.041275e-15
3888.020938    7.547086e-15
3889.762423    7.744853e-15
3891.503908    7.854947e-15
3893.245393    7.908069e-15
3894.986877    7.970914e-15
3896.728362    8.047228e-15
3898.469847    8.177793e-15
3900.211332    8.205389e-15
3901.952816    8.531779e-15
3903.694301    8.747343e-15
3905.435786    8.978482e-15
3907.177271    8.980692e-15
3908.918756    8.582486e-15
3910.660240    8.475510e-15
3912.401725    8.226948e-15
3914.143210    7.838312e-15
3915.884695    7.609359e-15
3917.626180    7.410293e-15
3919.367664    7.082940e-15
3921.109149    6.767907e-15
3922.850634    6.617839e-15
3924.592119    6.460526e-15
3926.333603    6.453076e-15
3928.075088    6.542810e-15
3929.816573    6.865707e-15
3931.558058    7.298066e-15
3933.299543    7.696373e-15
3935.041027    8.055511e-15
3936.782512    8.438767e-15
3938.523997    8.789002e-15
3940.265482    9.498681e-15
3942.006966    9.688693e-15
3943.748451    1.005345e-14
3945.489936    1.046883e-14
3947.231421    1.024379e-14
3948.972906    1.022846e-14
3950.714390    1.016404e-14
3952.455875    9.706458e-15
3954.197360    9.179128e-15
3955.938845    8.527006e-15
3957.680329    7.909907e-15
3959.421814    7.245303e-15
3961.163299    6.776536e-15
3962.904784    6.525624e-15
3964.646269    6.503217e-15
3966.387753    7.092838e-15
3968.129238    7.888285e-15
3969.870723    8.391209e-15
3971.612208    9.093822e-15
3973.353693    1.010564e-14
3975.095177    1.054482e-14
3976.836662    1.076248e-14
3978.578147    1.099627e-14
3980.319632    1.122779e-14
3982.061116    1.113565e-14
3983.802601    1.109527e-14
3985.544086    1.070683e-14
3987.285571    1.035688e-14
3989.027056    1.022961e-14
3990.768540    9.849092e-15
3992.510025    9.828416e-15
3994.251510    9.940177e-15
3995.992995    1.016987e-14
3997.734479    1.053027e-14
3999.475964    1.089405e-14
4001.217449    1.114533e-14
4002.958934    1.130204e-14
4004.700419    1.179119e-14
4006.441903    1.216299e-14
4008.183388    1.216717e-14
4009.924873    1.224271e-14
4011.666358    1.249914e-14
4013.407842    1.248045e-14
4015.149327    1.247392e-14
4016.890812    1.257764e-14
4018.632297    1.274392e-14
4020.373782    1.274128e-14
4022.115266    1.277543e-14
4023.856751    1.264838e-14
4025.598236    1.231517e-14
4027.339721    1.210824e-14
4029.081206    1.227882e-14
4030.822690    1.241885e-14
4032.564175    1.261238e-14
4034.305660    1.275769e-14
4036.047145    1.289112e-14
4037.788629    1.268316e-14
4039.530114    1.237443e-14
4041.271599    1.256334e-14
4043.013084    1.257231e-14
4044.754569    1.247864e-14
4046.496053    1.242293e-14
4048.237538    1.255645e-14
4049.979023    1.246848e-14
4051.720508    1.272998e-14
4053.461992    1.276678e-14
4055.203477    1.268574e-14
4056.944962    1.281068e-14
4058.686447    1.244756e-14
4060.427932    1.231588e-14
4062.169416    1.231191e-14
4063.910901    1.229343e-14
4065.652386    1.232504e-14
4067.393871    1.212193e-14
4069.135355    1.210421e-14
4070.876840    1.204723e-14
4072.618325    1.200021e-14
4074.359810    1.206573e-14
4076.101295    1.209103e-14
4077.842779    1.227406e-14
4079.584264    1.240689e-14
4081.325749    1.239618e-14
4083.067234    1.239878e-14
4084.808719    1.259864e-14
4086.550203    1.286287e-14
4088.291688    1.298955e-14
4090.033173    1.290707e-14
4091.774658    1.267491e-14
4093.516142    1.246439e-14
4095.257627    1.238980e-14
4096.999112    1.238307e-14
4098.740597    1.230005e-14
4100.482082    1.234143e-14
4102.223566    1.252916e-14
4103.965051    1.266077e-14
4105.706536    1.253729e-14
4107.448021    1.256921e-14
4109.189505    1.254406e-14
4110.930990    1.263888e-14
4112.672475    1.265511e-14
4114.413960    1.254847e-14
4116.155445    1.241058e-14
4117.896929    1.263411e-14
4119.638414    1.272193e-14
4121.379899    1.285260e-14
4123.121384    1.297178e-14
4124.862868    1.310497e-14
4126.604353    1.316002e-14
4128.345838    1.305157e-14
4130.087323    1.300480e-14
4131.828808    1.297315e-14
4133.570292    1.293754e-14
4135.311777    1.303924e-14
4137.053262    1.320402e-14
4138.794747    1.309199e-14
4140.536232    1.283614e-14
4142.277716    1.275939e-14
4144.019201    1.276095e-14
4145.760686    1.267051e-14
4147.502171    1.287873e-14
4149.243655    1.287163e-14
4150.985140    1.266859e-14
4152.726625    1.245412e-14
4154.468110    1.242706e-14
4156.209595    1.268958e-14
4157.951079    1.251983e-14
4159.692564    1.262383e-14
4161.434049    1.273332e-14
4163.175534    1.258895e-14
4164.917018    1.237823e-14
4166.658503    1.244927e-14
4168.399988    1.245925e-14
4170.141473    1.241929e-14
4171.882958    1.241896e-14
4173.624442    1.227506e-14
4175.365927    1.220680e-14
4177.107412    1.217750e-14
4178.848897    1.209785e-14
4180.590381    1.208821e-14
4182.331866    1.204830e-14
4184.073351    1.204993e-14
4185.814836    1.198258e-14
4187.556321    1.197725e-14
4189.297805    1.199504e-14
4191.039290    1.207525e-14
4192.780775    1.209067e-14
4194.522260    1.189258e-14
4196.263745    1.183247e-14
4198.005229    1.186888e-14
4199.746714    1.172923e-14
4201.488199    1.162357e-14
4203.229684    1.162675e-14
4204.971168    1.160240e-14
4206.712653    1.162443e-14
4208.454138    1.173707e-14
4210.195623    1.182409e-14
4211.937108    1.182421e-14
4213.678592    1.181622e-14
4215.420077    1.186589e-14
4217.161562    1.192395e-14
4218.903047    1.170956e-14
4220.644531    1.156830e-14
4222.386016    1.145257e-14
4224.127501    1.112122e-14
4225.868986    1.100991e-14
4227.610471    1.112984e-14
4229.351955    1.104986e-14
4231.093440    1.095981e-14
4232.834925    1.102954e-14
4234.576410    1.111904e-14
4236.317895    1.123145e-14
4238.059379    1.125580e-14
4239.800864    1.113047e-14
4241.542349    1.118220e-14
4243.283834    1.112337e-14
4245.025318    1.115445e-14
4246.766803    1.133199e-14
4248.508288    1.122450e-14
4250.249773    1.116663e-14
4251.991258    1.096652e-14
4253.732742    1.097320e-14
4255.474227    1.083805e-14
4257.215712    1.074713e-14
4258.957197    1.080991e-14
4260.698681    1.082887e-14
4262.440166    1.085356e-14
4264.181651    1.088268e-14
4265.923136    1.081012e-14
4267.664621    1.072708e-14
4269.406105    1.064896e-14
4271.147590    1.042249e-14
4272.889075    1.024677e-14
4274.630560    1.029853e-14
4276.372044    1.040685e-14
4278.113529    1.037513e-14
4279.855014    1.029631e-14
4281.596499    1.026562e-14
4283.337984    1.014297e-14
4285.079468    9.961024e-15
4286.820953    9.649374e-15
4288.562438    9.446954e-15
4290.303923    9.264004e-15
4292.045408    9.219961e-15
4293.786892    9.055495e-15
4295.528377    8.873910e-15
4297.269862    8.695484e-15
4299.011347    8.482181e-15
4300.752831    8.412476e-15
4302.494316    8.341818e-15
4304.235801    8.357364e-15
4305.977286    8.324974e-15
4307.718771    8.381362e-15
4309.460255    8.507058e-15
4311.201740    8.733922e-15
4312.943225    9.111787e-15
4314.684710    9.676525e-15
4316.426194    1.018165e-14
4318.167679    1.063271e-14
4319.909164    1.071180e-14
4321.650649    1.038055e-14
4323.392134    1.023817e-14
4325.133618    1.005914e-14
4326.875103    9.992474e-15
4328.616588    1.016701e-14
4330.358073    1.038210e-14
4332.099557    1.042601e-14
4333.841042    1.037237e-14
4335.582527    1.018533e-14
4337.324012    9.768559e-15
4339.065497    9.589175e-15
4340.806981    9.535657e-15
4342.548466    9.569497e-15
4344.289951    9.870570e-15
4346.031436    1.016718e-14
4347.772921    1.037966e-14
4349.514405    1.043417e-14
4351.255890    1.047467e-14
4352.997375    1.058721e-14
4354.738860    1.064220e-14
4356.480344    1.059657e-14
4358.221829    1.081147e-14
4359.963314    1.105560e-14
4361.704799    1.107429e-14
4363.446284    1.099184e-14
4365.187768    1.081898e-14
4366.929253    1.081211e-14
4368.670738    1.085239e-14
4370.412223    1.064513e-14
4372.153707    1.045013e-14
4373.895192    1.019400e-14
4375.636677    1.003638e-14
4377.378162    9.975532e-15
4379.119647    9.968583e-15
4380.861131    9.866258e-15
4382.602616    9.606721e-15
4384.344101    9.570170e-15
4386.085586    9.677221e-15
4387.827070    9.770071e-15
4389.568555    9.850881e-15
4391.310040    1.004375e-14
4393.051525    1.010132e-14
4394.793010    1.017616e-14
4396.534494    1.025705e-14
4398.275979    1.030158e-14
4400.017464    1.032389e-14
4401.758949    1.024293e-14
4403.500434    1.020239e-14
4405.241918    1.027025e-14
4406.983403    1.031310e-14
4408.724888    1.041376e-14
4410.466373    1.066351e-14
4412.207857    1.077255e-14
4413.949342    1.062164e-14
4415.690827    1.067075e-14
4417.432312    1.080488e-14
4419.173797    1.084934e-14
4420.915281    1.088410e-14
4422.656766    1.083706e-14
4424.398251    1.076921e-14
4426.139736    1.062285e-14
4427.881220    1.071384e-14
4429.622705    1.079644e-14
4431.364190    1.074486e-14
4433.105675    1.074342e-14
4434.847160    1.070924e-14
4436.588644    1.079998e-14
4438.330129    1.084844e-14
4440.071614    1.089302e-14
4441.813099    1.081717e-14
4443.554583    1.073391e-14
4445.296068    1.075584e-14
4447.037553    1.074107e-14
4448.779038    1.065163e-14
4450.520523    1.056714e-14
4452.262007    1.040450e-14
4454.003492    1.029325e-14
4455.744977    1.023215e-14
4457.486462    1.011697e-14
4459.227947    1.019784e-14
4460.969431    1.033253e-14
4462.710916    1.040878e-14
4464.452401    1.059125e-14
4466.193886    1.062683e-14
4467.935370    1.075903e-14
4469.676855    1.093836e-14
4471.418340    1.093277e-14
4473.159825    1.102428e-14
4474.901310    1.111438e-14
4476.642794    1.104445e-14
4478.384279    1.097745e-14
4480.125764    1.082659e-14
4481.867249    1.077316e-14
4483.608733    1.082868e-14
4485.350218    1.091943e-14
4487.091703    1.095136e-14
4488.833188    1.094450e-14
4490.574673    1.095662e-14
4492.316157    1.097143e-14
4494.057642    1.109100e-14
4495.799127    1.120019e-14
4497.540612    1.118785e-14
4499.282096    1.129355e-14
4501.023581    1.130853e-14
4502.765066    1.146016e-14
4504.506551    1.150910e-14
4506.248036    1.148065e-14
4507.989520    1.149568e-14
4509.731005    1.136446e-14
4511.472490    1.127887e-14
4513.213975    1.125094e-14
4514.955460    1.108296e-14
4516.696944    1.099679e-14
4518.438429    1.093231e-14
4520.179914    1.077370e-14
4521.921399    1.070445e-14
4523.662883    1.059785e-14
4525.404368    1.036051e-14
4527.145853    1.023369e-14
4528.887338    1.014419e-14
4530.628823    1.027915e-14
4532.370307    1.032832e-14
4534.111792    1.039515e-14
4535.853277    1.058207e-14
4537.594762    1.074651e-14
4539.336246    1.076635e-14
4541.077731    1.072945e-14
4542.819216    1.074778e-14
4544.560701    1.066964e-14
4546.302186    1.061416e-14
4548.043670    1.061955e-14
4549.785155    1.053196e-14
4551.526640    1.058848e-14
4553.268125    1.070479e-14
4555.009609    1.080901e-14
4556.751094    1.087099e-14
4558.492579    1.103469e-14
4560.234064    1.111094e-14
4561.975549    1.117681e-14
4563.717033    1.119070e-14
4565.458518    1.116788e-14
4567.200003    1.114787e-14
4568.941488    1.118867e-14
4570.682973    1.120928e-14
4572.424457    1.110766e-14
4574.165942    1.099735e-14
4575.907427    1.103236e-14
4577.648912    1.094950e-14
4579.390396    1.087224e-14
4581.131881    1.091572e-14
4582.873366    1.086734e-14
4584.614851    1.077538e-14
4586.356336    1.077007e-14
4588.097820    1.081088e-14
4589.839305    1.088038e-14
4591.580790    1.092518e-14
4593.322275    1.082328e-14
4595.063759    1.089152e-14
4596.805244    1.097383e-14
4598.546729    1.099507e-14
4600.288214    1.103416e-14
4602.029699    1.122339e-14
4603.771183    1.117823e-14
4605.512668    1.113273e-14
4607.254153    1.130743e-14
4608.995638    1.138383e-14
4610.737122    1.138725e-14
4612.478607    1.134606e-14
4614.220092    1.134582e-14
4615.961577    1.136328e-14
4617.703062    1.134778e-14
4619.444546    1.138684e-14
4621.186031    1.144893e-14
4622.927516    1.144015e-14
4624.669001    1.144370e-14
4626.410486    1.145685e-14
4628.151970    1.149349e-14
4629.893455    1.151059e-14
4631.634940    1.136836e-14
4633.376425    1.130906e-14
4635.117909    1.137205e-14
4636.859394    1.127398e-14
4638.600879    1.124499e-14
4640.342364    1.120641e-14
4642.083849    1.106535e-14
4643.825333    1.101397e-14
4645.566818    1.108442e-14
4647.308303    1.100716e-14
4649.049788    1.105793e-14
4650.791272    1.125728e-14
4652.532757    1.128302e-14
4654.274242    1.129077e-14
4656.015727    1.130718e-14
4657.757212    1.124923e-14
4659.498696    1.126060e-14
4661.240181    1.116359e-14
4662.981666    1.103957e-14
4664.723151    1.093639e-14
4666.464635    1.077332e-14
4668.206120    1.089347e-14
4669.947605    1.100811e-14
4671.689090    1.103955e-14
4673.430575    1.110834e-14
4675.172059    1.115762e-14
4676.913544    1.114755e-14
4678.655029    1.111192e-14
4680.396514    1.107782e-14
4682.137999    1.118397e-14
4683.879483    1.121869e-14
4685.620968    1.119617e-14
4687.362453    1.123673e-14
4689.103938    1.120157e-14
4690.845422    1.115955e-14
4692.586907    1.123084e-14
4694.328392    1.113830e-14
4696.069877    1.097360e-14
4697.811362    1.089370e-14
4699.552846    1.080209e-14
4701.294331    1.064356e-14
4703.035816    1.068378e-14
4704.777301    1.073045e-14
4706.518785    1.071870e-14
4708.260270    1.082303e-14
4710.001755    1.099657e-14
4711.743240    1.111267e-14
4713.484725    1.126134e-14
4715.226209    1.134799e-14
4716.967694    1.132743e-14
4718.709179    1.128942e-14
4720.450664    1.141912e-14
4722.192148    1.141886e-14
4723.933633    1.124796e-14
4725.675118    1.121610e-14
4727.416603    1.113601e-14
4729.158088    1.108679e-14
4730.899572    1.111822e-14
4732.641057    1.100435e-14
4734.382542    1.109210e-14
4736.124027    1.123383e-14
4737.865512    1.127076e-14
4739.606996    1.127177e-14
4741.348481    1.127465e-14
4743.089966    1.134302e-14
4744.831451    1.132796e-14
4746.572935    1.139257e-14
4748.314420    1.140489e-14
4750.055905    1.121228e-14
4751.797390    1.111054e-14
4753.538875    1.115409e-14
4755.280359    1.117853e-14
4757.021844    1.102188e-14
4758.763329    1.099822e-14
4760.504814    1.096627e-14
4762.246298    1.101405e-14
4763.987783    1.108549e-14
4765.729268    1.107363e-14
4767.470753    1.112196e-14
4769.212238    1.125652e-14
4770.953722    1.126121e-14
4772.695207    1.129974e-14
4774.436692    1.140259e-14
4776.178177    1.146700e-14
4777.919662    1.146784e-14
4779.661146    1.140247e-14
4781.402631    1.138756e-14
4783.144116    1.135372e-14
4784.885601    1.124565e-14
4786.627085    1.117521e-14
4788.368570    1.121851e-14
4790.110055    1.135196e-14
4791.851540    1.140805e-14
4793.593025    1.143153e-14
4795.334509    1.145301e-14
4797.075994    1.144121e-14
4798.817479    1.145029e-14
4800.558964    1.137872e-14
4802.300448    1.131895e-14
4804.041933    1.137036e-14
4805.783418    1.133119e-14
4807.524903    1.138704e-14
4809.266388    1.149669e-14
4811.007872    1.154725e-14
4812.749357    1.147668e-14
4814.490842    1.151881e-14
4816.232327    1.155690e-14
4817.973811    1.150973e-14
4819.715296    1.143642e-14
4821.456781    1.140189e-14
4823.198266    1.134903e-14
4824.939751    1.133086e-14
4826.681235    1.132023e-14
4828.422720    1.131336e-14
4830.164205    1.124031e-14
4831.905690    1.116455e-14
4833.647175    1.124281e-14
4835.388659    1.117785e-14
4837.130144    1.112336e-14
4838.871629    1.111154e-14
4840.613114    1.107559e-14
4842.354598    1.099993e-14
4844.096083    1.105896e-14
4845.837568    1.089324e-14
4847.579053    1.072566e-14
4849.320538    1.061343e-14
4851.062022    1.034109e-14
4852.803507    9.950643e-15
4854.544992    9.706539e-15
4856.286477    9.468521e-15
4858.027961    9.230141e-15
4859.769446    9.077218e-15
4861.510931    9.026768e-15
4863.252416    9.215857e-15
4864.993901    9.476223e-15
4866.735385    9.794962e-15
4868.476870    1.000371e-14
4870.218355    1.010846e-14
4871.959840    1.015522e-14
4873.701324    1.028910e-14
4875.442809    1.046335e-14
4877.184294    1.053475e-14
4878.925779    1.053759e-14
4880.667264    1.060648e-14
4882.408748    1.060880e-14
4884.150233    1.061113e-14
4885.891718    1.057271e-14
4887.633203    1.052974e-14
4889.374688    1.064190e-14
4891.116172    1.081106e-14
4892.857657    1.087812e-14
4894.599142    1.098259e-14
4896.340627    1.117032e-14
4898.082111    1.117395e-14
4899.823596    1.106496e-14
4901.565081    1.116451e-14
4903.306566    1.110751e-14
4905.048051    1.098112e-14
4906.789535    1.098880e-14
4908.531020    1.088914e-14
4910.272505    1.070260e-14
4912.013990    1.063235e-14
4913.755474    1.062907e-14
4915.496959    1.052260e-14
4917.238444    1.044101e-14
4918.979929    1.040211e-14
4920.721414    1.042291e-14
4922.462898    1.049933e-14
4924.204383    1.066239e-14
4925.945868    1.086988e-14
4927.687353    1.091479e-14
4929.428837    1.090810e-14
4931.170322    1.090189e-14
4932.911807    1.085287e-14
4934.653292    1.080010e-14
4936.394777    1.085479e-14
4938.136261    1.085515e-14
4939.877746    1.090659e-14
4941.619231    1.105112e-14
4943.360716    1.108189e-14
4945.102201    1.107819e-14
4946.843685    1.108730e-14
4948.585170    1.106896e-14
4950.326655    1.103935e-14
4952.068140    1.105591e-14
4953.809624    1.093647e-14
4955.551109    1.083247e-14
4957.292594    1.069045e-14
4959.034079    1.077208e-14
4960.775564    1.103310e-14
4962.517048    1.102858e-14
4964.258533    1.099362e-14
4966.000018    1.109097e-14
4967.741503    1.109764e-14
4969.482987    1.094125e-14
4971.224472    1.092139e-14
4972.965957    1.089592e-14
4974.707442    1.075877e-14
4976.448927    1.069635e-14
4978.190411    1.067544e-14
4979.931896    1.052008e-14
4981.673381    1.043233e-14
4983.414866    1.036900e-14
4985.156350    1.051439e-14
4986.897835    1.061198e-14
4988.639320    1.069016e-14
4990.380805    1.071822e-14
4992.122290    1.064251e-14
4993.863774    1.067625e-14
4995.605259    1.064044e-14
4997.346744    1.060106e-14
4999.088229    1.054473e-14
5000.829714    1.043592e-14
5002.571198    1.035872e-14
5004.312683    1.031165e-14
5006.054168    1.028240e-14
5007.795653    1.017915e-14
5009.537137    1.014873e-14
5011.278622    1.019844e-14
5013.020107    1.013091e-14
5014.761592    1.010548e-14
5016.503077    1.016671e-14
5018.244561    1.017591e-14
5019.986046    1.023301e-14
5021.727531    1.039003e-14
5023.469016    1.043476e-14
5025.210500    1.049508e-14
5026.951985    1.051462e-14
5028.693470    1.043277e-14
5030.434955    1.045152e-14
5032.176440    1.047557e-14
5033.917924    1.042574e-14
5035.659409    1.042489e-14
5037.400894    1.028096e-14
5039.142379    1.014323e-14
5040.883863    1.014298e-14
5042.625348    1.025357e-14
5044.366833    1.040752e-14
5046.108318    1.052008e-14
5047.849803    1.056141e-14
5049.591287    1.057515e-14
5051.332772    1.055417e-14
5053.074257    1.059356e-14
5054.815742    1.069427e-14
5056.557227    1.079505e-14
5058.298711    1.088296e-14
5060.040196    1.091450e-14
5061.781681    1.068953e-14
5063.523166    1.056521e-14
5065.264650    1.058178e-14
5067.006135    1.050653e-14
5068.747620    1.043870e-14
5070.489105    1.036660e-14
5072.230590    1.037307e-14
5073.972074    1.028787e-14
5075.713559    1.020252e-14
5077.455044    1.015999e-14
5079.196529    1.017846e-14
5080.938013    1.019099e-14
5082.679498    1.030785e-14
5084.420983    1.045649e-14
5086.162468    1.045314e-14
5087.903953    1.045771e-14
5089.645437    1.045161e-14
5091.386922    1.044803e-14
5093.128407    1.043836e-14
5094.869892    1.032675e-14
5096.611376    1.027511e-14
5098.352861    1.013003e-14
5100.094346    1.013958e-14
5101.835831    1.024933e-14
5103.577316    1.029352e-14
5105.318800    1.028275e-14
5107.060285    1.029407e-14
5108.801770    1.025867e-14
5110.543255    1.029614e-14
5112.284740    1.033260e-14
5114.026224    1.034830e-14
5115.767709    1.034149e-14
5117.509194    1.023096e-14
5119.250679    1.025956e-14
5120.992163    1.017758e-14
5122.733648    9.964713e-15
5124.475133    9.877647e-15
5126.216618    9.900838e-15
5127.958103    9.856484e-15
5129.699587    9.793354e-15
5131.441072    9.770098e-15
5133.182557    9.752882e-15
5134.924042    9.726112e-15
5136.665526    9.644376e-15
5138.407011    9.582241e-15
5140.148496    9.561796e-15
5141.889981    9.619057e-15
5143.631466    9.692595e-15
5145.372950    9.647805e-15
5147.114435    9.666908e-15
5148.855920    9.641118e-15
5150.597405    9.634899e-15
5152.338889    9.619536e-15
5154.080374    9.593449e-15
5155.821859    9.612056e-15
5157.563344    9.458094e-15
5159.304829    9.262819e-15
5161.046313    9.143868e-15
5162.787798    8.924673e-15
5164.529283    8.614788e-15
5166.270768    8.401152e-15
5168.012253    8.296728e-15
5169.753737    8.215858e-15
5171.495222    8.254853e-15
5173.236707    8.350900e-15
5174.978192    8.559203e-15
5176.719676    8.783022e-15
5178.461161    8.830621e-15
5180.202646    8.727781e-15
5181.944131    8.603581e-15
5183.685616    8.538655e-15
5185.427100    8.717980e-15
5187.168585    8.808750e-15
5188.910070    8.933302e-15
5190.651555    9.025294e-15
5192.393039    9.072202e-15
5194.134524    9.152284e-15
5195.876009    9.222211e-15
5197.617494    9.309942e-15
5199.358979    9.369668e-15
5201.100463    9.347261e-15
5202.841948    9.340486e-15
5204.583433    9.367075e-15
5206.324918    9.384913e-15
5208.066402    9.334844e-15
5209.807887    9.422061e-15
5211.549372    9.472148e-15
5213.290857    9.435320e-15
5215.032342    9.503445e-15
5216.773826    9.480481e-15
5218.515311    9.494429e-15
5220.256796    9.519497e-15
5221.998281    9.509857e-15
5223.739766    9.530367e-15
5225.481250    9.443460e-15
5227.222735    9.355635e-15
5228.964220    9.432044e-15
5230.705705    9.528411e-15
5232.447189    9.584590e-15
5234.188674    9.696284e-15
5235.930159    9.789219e-15
5237.671644    9.873984e-15
5239.413129    9.982720e-15
5241.154613    1.004041e-14
5242.896098    1.002613e-14
5244.637583    1.006874e-14
5246.379068    1.011992e-14
5248.120552    1.006247e-14
5249.862037    1.005818e-14
5251.603522    9.971120e-15
5253.345007    9.874756e-15
5255.086492    9.842782e-15
5256.827976    9.877377e-15
5258.569461    9.735252e-15
5260.310946    9.589458e-15
5262.052431    9.435166e-15
5263.793915    9.271797e-15
5265.535400    9.218580e-15
5267.276885    9.217446e-15
5269.018370    9.271429e-15
5270.759855    9.401290e-15
5272.501339    9.597563e-15
5274.242824    9.784420e-15
5275.984309    9.972134e-15
5277.725794    1.013502e-14
5279.467279    1.031622e-14
5281.208763    1.039008e-14
5282.950248    1.038063e-14
5284.691733    1.049192e-14
5286.433218    1.056246e-14
5288.174702    1.065445e-14
5289.916187    1.072266e-14
5291.657672    1.076652e-14
5293.399157    1.073725e-14
5295.140642    1.062991e-14
5296.882126    1.058499e-14
5298.623611    1.060581e-14
5300.365096    1.064495e-14
5302.106581    1.077845e-14
5303.848065    1.085756e-14
5305.589550    1.094528e-14
5307.331035    1.097182e-14
5309.072520    1.100509e-14
5310.814005    1.099692e-14
5312.555489    1.092712e-14
5314.296974    1.082805e-14
5316.038459    1.075699e-14
5317.779944    1.074593e-14
5319.521429    1.073190e-14
5321.262913    1.063565e-14
5323.004398    1.047422e-14
5324.745883    1.038310e-14
5326.487368    1.041689e-14
5328.228852    1.040857e-14
5329.970337    1.041595e-14
5331.711822    1.063580e-14
5333.453307    1.078881e-14
5335.194792    1.074946e-14
5336.936276    1.075579e-14
5338.677761    1.077312e-14
5340.419246    1.085471e-14
5342.160731    1.094683e-14
5343.902215    1.091656e-14
5345.643700    1.096031e-14
5347.385185    1.096263e-14
5349.126670    1.102428e-14
5350.868155    1.107848e-14
5352.609639    1.110333e-14
5354.351124    1.116091e-14
5356.092609    1.118670e-14
5357.834094    1.109282e-14
5359.575578    1.117155e-14
5361.317063    1.108792e-14
5363.058548    1.094054e-14
5364.800033    1.086264e-14
5366.541518    1.083170e-14
5368.283002    1.079809e-14
5370.024487    1.072150e-14
5371.765972    1.074949e-14
5373.507457    1.086195e-14
5375.248942    1.095894e-14
5376.990426    1.106298e-14
5378.731911    1.106772e-14
5380.473396    1.094090e-14
5382.214881    1.095166e-14
5383.956365    1.101631e-14
5385.697850    1.096621e-14
5387.439335    1.092949e-14
5389.180820    1.081023e-14
5390.922305    1.086873e-14
5392.663789    1.078215e-14
5394.405274    1.053592e-14
5396.146759    1.050156e-14
5397.888244    1.057421e-14
5399.629728    1.047962e-14
5401.371213    1.045757e-14
5403.112698    1.043172e-14
5404.854183    1.039295e-14
5406.595668    1.048778e-14
5408.337152    1.051511e-14
5410.078637    1.053729e-14
5411.820122    1.063306e-14
5413.561607    1.062409e-14
5415.303091    1.070482e-14
5417.044576    1.078806e-14
5418.786061    1.075756e-14
5420.527546    1.076558e-14
5422.269031    1.073715e-14
5424.010515    1.071887e-14
5425.752000    1.071236e-14
5427.493485    1.071897e-14
5429.234970    1.070900e-14
5430.976455    1.068546e-14
5432.717939    1.062396e-14
5434.459424    1.065942e-14
5436.200909    1.080546e-14
5437.942394    1.081534e-14
5439.683878    1.077667e-14
5441.425363    1.082516e-14
5443.166848    1.078088e-14
5444.908333    1.072871e-14
5446.649818    1.074121e-14
5448.391302    1.079134e-14
5450.132787    1.081152e-14
5451.874272    1.075838e-14
5453.615757    1.073327e-14
5455.357241    1.068965e-14
5457.098726    1.067438e-14
5458.840211    1.070281e-14
5460.581696    1.072654e-14
5462.323181    1.063870e-14
5464.064665    1.066763e-14
5465.806150    1.072543e-14
5467.547635    1.069113e-14
5469.289120    1.074084e-14
5471.030604    1.064301e-14
5472.772089    1.052727e-14
5474.513574    1.051150e-14
5476.255059    1.046655e-14
5477.996544    1.046790e-14
5479.738028    1.045010e-14
5481.479513    1.062353e-14
5483.220998    1.062876e-14
5484.962483    1.059112e-14
5486.703968    1.071353e-14
5488.445452    1.070526e-14
5490.186937    1.073893e-14
5491.928422    1.065785e-14
5493.669907    1.071470e-14
5495.411391    1.076419e-14
5497.152876    1.068812e-14
5498.894361    1.062794e-14
5500.635846    1.062118e-14
5502.377331    1.062115e-14
5504.118815    1.055623e-14
5505.860300    1.057830e-14
5507.601785    1.063263e-14
5509.343270    1.061753e-14
5511.084754    1.063242e-14
5512.826239    1.062791e-14
5514.567724    1.061732e-14
5516.309209    1.064908e-14
5518.050694    1.072667e-14
5519.792178    1.069624e-14
5521.533663    1.063652e-14
5523.275148    1.065568e-14
5525.016633    1.055849e-14
5526.758117    1.050475e-14
5528.499602    1.050799e-14
5530.241087    1.045903e-14
5531.982572    1.044844e-14
5533.724057    1.052445e-14
5535.465541    1.058850e-14
5537.207026    1.065403e-14
5538.948511    1.062516e-14
5540.689996    1.064276e-14
5542.431481    1.070156e-14
5544.172965    1.069985e-14
5545.914450    1.066305e-14
5547.655935    1.066421e-14
5549.397420    1.067648e-14
5551.138904    1.069097e-14
5552.880389    1.069416e-14
5554.621874    1.063176e-14
5556.363359    1.051892e-14
5558.104844    1.049092e-14
5559.846328    1.042910e-14
5561.587813    1.045085e-14
5563.329298    1.043789e-14
5565.070783    1.037135e-14
5566.812267    1.028466e-14
5568.553752    1.033288e-14
5570.295237    1.039552e-14
5572.036722    1.033784e-14
5573.778207    1.030263e-14
5575.519691    1.028284e-14
5577.261176    1.032062e-14
5579.002661    1.033276e-14
5580.744146    1.031541e-14
5582.485630    1.027023e-14
5584.227115    1.018372e-14
5585.968600    1.010058e-14
5587.710085    9.982939e-15
5589.451570    9.978789e-15
5591.193054    1.006576e-14
5592.934539    1.010292e-14
5594.676024    1.007180e-14
5596.417509    1.012567e-14
5598.158994    1.019431e-14
5599.900478    1.019802e-14
5601.641963    1.027064e-14
5603.383448    1.034060e-14
5605.124933    1.040100e-14
5606.866417    1.045934e-14
5608.607902    1.043825e-14
5610.349387    1.038305e-14
5612.090872    1.027463e-14
5613.832357    1.018918e-14
5615.573841    1.025962e-14
5617.315326    1.025157e-14
5619.056811    1.026707e-14
5620.798296    1.027018e-14
5622.539780    1.025023e-14
5624.281265    1.025278e-14
5626.022750    1.030125e-14
5627.764235    1.035637e-14
5629.505720    1.036719e-14
5631.247204    1.032933e-14
5632.988689    1.028110e-14
5634.730174    1.026969e-14
5636.471659    1.023761e-14
5638.213143    1.022645e-14
5639.954628    1.020478e-14
5641.696113    1.018491e-14
5643.437598    1.017075e-14
5645.179083    1.015346e-14
5646.920567    1.017186e-14
5648.662052    1.018942e-14
5650.403537    1.012505e-14
5652.145022    1.008215e-14
5653.886507    1.009762e-14
5655.627991    1.004188e-14
5657.369476    9.975462e-15
5659.110961    9.934817e-15
5660.852446    9.926831e-15
5662.593930    9.991887e-15
5664.335415    1.005768e-14
5666.076900    1.012135e-14
5667.818385    1.017758e-14
5669.559870    1.019352e-14
5671.301354    1.023770e-14
5673.042839    1.023375e-14
5674.784324    1.019441e-14
5676.525809    1.023105e-14
5678.267293    1.012562e-14
5680.008778    1.007858e-14
5681.750263    1.000488e-14
5683.491748    9.957375e-15
5685.233233    9.942404e-15
5686.974717    1.002626e-14
5688.716202    1.002258e-14
5690.457687    9.983901e-15
5692.199172    9.989434e-15
5693.940656    1.002344e-14
5695.682141    1.000290e-14
5697.423626    9.893847e-15
5699.165111    9.829029e-15
5700.906596    9.814611e-15
5702.648080    9.818049e-15
5704.389565    9.786119e-15
5706.131050    9.744362e-15
5707.872535    9.741629e-15
5709.614020    9.717743e-15
5711.355504    9.760167e-15
5713.096989    9.912720e-15
5714.838474    9.960097e-15
5716.579959    9.944294e-15
5718.321443    9.990486e-15
5720.062928    1.004697e-14
5721.804413    1.014925e-14
5723.545898    1.015940e-14
5725.287383    1.016688e-14
5727.028867    1.014316e-14
5728.770352    1.011628e-14
5730.511837    1.010177e-14
5732.253322    1.009734e-14
5733.994806    1.004692e-14
5735.736291    1.009144e-14
5737.477776    1.011842e-14
5739.219261    1.013005e-14
5740.960746    1.010813e-14
5742.702230    1.003375e-14
5744.443715    9.996244e-15
5746.185200    9.979304e-15
5747.926685    9.938892e-15
5749.668169    9.896823e-15
5751.409654    9.847555e-15
5753.151139    9.841727e-15
5754.892624    9.899487e-15
5756.634109    9.913473e-15
5758.375593    9.884205e-15
5760.117078    9.935254e-15
5761.858563    9.917823e-15
5763.600048    9.930762e-15
5765.341533    9.891314e-15
5767.083017    9.981208e-15
5768.824502    9.962197e-15
5770.565987    9.900431e-15
5772.307472    9.927545e-15
5774.048956    9.912139e-15
5775.790441    9.910065e-15
5777.531926    9.878893e-15
5779.273411    9.827181e-15
5781.014896    9.777344e-15
5782.756380    9.770321e-15
5784.497865    9.822800e-15
5786.239350    9.906662e-15
5787.980835    9.904842e-15
5789.722319    9.868198e-15
5791.463804    9.948953e-15
5793.205289    9.994813e-15
5794.946774    9.975654e-15
5796.688259    9.996881e-15
5798.429743    1.002580e-14
5800.171228    1.007103e-14
5801.912713    1.006340e-14
5803.654198    1.005025e-14
5805.395682    1.006987e-14
5807.137167    1.006726e-14
5808.878652    1.005310e-14
5810.620137    1.010234e-14
5812.361622    1.010432e-14
5814.103106    1.009784e-14
5815.844591    1.011940e-14
5817.586076    1.017064e-14
5819.327561    1.024400e-14
5821.069046    1.024777e-14
5822.810530    1.018020e-14
5824.552015    1.020730e-14
5826.293500    1.027210e-14
5828.034985    1.026497e-14
5829.776469    1.026320e-14
5831.517954    1.025278e-14
5833.259439    1.020854e-14
5835.000924    1.027956e-14
5836.742409    1.025746e-14
5838.483893    1.025856e-14
5840.225378    1.033976e-14
5841.966863    1.030811e-14
5843.708348    1.020034e-14
5845.449832    1.014669e-14
5847.191317    1.011504e-14
5848.932802    1.014061e-14
5850.674287    1.014517e-14
5852.415772    1.009532e-14
5854.157256    1.009355e-14
5855.898741    1.006235e-14
5857.640226    1.005526e-14
5859.381711    1.011147e-14
5861.123196    1.012371e-14
5862.864680    1.011712e-14
5864.606165    1.021395e-14
5866.347650    1.029652e-14
5868.089135    1.027275e-14
5869.830619    1.032026e-14
5871.572104    1.038496e-14
5873.313589    1.031192e-14
5875.055074    1.020785e-14
5876.796559    1.014318e-14
5878.538043    1.014274e-14
5880.279528    1.000265e-14
5882.021013    9.861874e-15
5883.762498    9.850330e-15
5885.503982    9.734499e-15
5887.245467    9.492290e-15
5888.986952    9.344809e-15
5890.728437    9.291976e-15
5892.469922    9.378242e-15
5894.211406    9.468856e-15
5895.952891    9.565538e-15
5897.694376    9.748442e-15
5899.435861    9.911565e-15
5901.177345    9.992006e-15
5902.918830    1.006496e-14
5904.660315    1.020713e-14
5906.401800    1.027509e-14
5908.143285    1.022175e-14
5909.884769    1.024314e-14
5911.626254    1.021472e-14
5913.367739    1.021178e-14
5915.109224    1.023242e-14
5916.850709    1.026303e-14
5918.592193    1.026007e-14
5920.333678    1.028633e-14
5922.075163    1.034002e-14
5923.816648    1.030678e-14
5925.558132    1.029127e-14
5927.299617    1.025422e-14
5929.041102    1.023247e-14
5930.782587    1.024984e-14
5932.524072    1.027355e-14
5934.265556    1.028227e-14
5936.007041    1.026781e-14
5937.748526    1.028040e-14
5939.490011    1.032778e-14
5941.231495    1.031288e-14
5942.972980    1.024372e-14
5944.714465    1.018082e-14
5946.455950    1.016512e-14
5948.197435    1.015812e-14
5949.938919    1.018852e-14
5951.680404    1.019101e-14
5953.421889    1.022553e-14
5955.163374    1.026993e-14
5956.904858    1.024797e-14
5958.646343    1.021473e-14
5960.387828    1.031234e-14
5962.129313    1.036618e-14
5963.870798    1.035283e-14
5965.612282    1.027936e-14
5967.353767    1.029735e-14
5969.095252    1.023323e-14
5970.836737    1.016864e-14
5972.578222    1.027485e-14
5974.319706    1.027686e-14
5976.061191    1.019902e-14
5977.802676    1.017081e-14
5979.544161    1.011515e-14
5981.285645    1.003446e-14
5983.027130    1.009663e-14
5984.768615    1.017288e-14
5986.510100    1.012701e-14
5988.251585    1.004919e-14
5989.993069    1.006585e-14
5991.734554    1.011126e-14
5993.476039    1.018265e-14
5995.217524    1.018955e-14
5996.959008    1.005105e-14
5998.700493    1.005927e-14
6000.441978    1.013847e-14
6002.183463    1.005594e-14
6003.924948    1.002498e-14
6005.666432    1.003287e-14
6007.407917    9.995587e-15
6009.149402    9.905235e-15
6010.890887    9.888861e-15
6012.632371    9.969562e-15
6014.373856    9.921641e-15
6016.115341    9.928614e-15
6017.856826    9.915517e-15
6019.598311    9.902166e-15
6021.339795    9.944279e-15
6023.081280    9.957579e-15
6024.822765    9.980151e-15
6026.564250    1.007641e-14
6028.305735    1.009195e-14
6030.047219    1.013223e-14
6031.788704    1.013989e-14
6033.530189    1.011089e-14
6035.271674    1.020178e-14
6037.013158    1.019286e-14
6038.754643    1.014786e-14
6040.496128    1.010106e-14
6042.237613    1.008494e-14
6043.979098    1.008638e-14
6045.720582    1.011761e-14
6047.462067    1.010678e-14
6049.203552    1.007627e-14
6050.945037    1.007804e-14
6052.686521    1.006929e-14
6054.428006    1.008452e-14
6056.169491    1.008221e-14
6057.910976    1.004473e-14
6059.652461    1.000596e-14
6061.393945    9.978019e-15
6063.135430    9.964082e-15
6064.876915    9.990880e-15
6066.618400    9.971010e-15
6068.359884    9.968240e-15
6070.101369    1.001083e-14
6071.842854    9.980453e-15
6073.584339    1.000940e-14
6075.325824    9.990841e-15
6077.067308    9.980632e-15
6078.808793    9.890700e-15
6080.550278    9.866893e-15
6082.291763    9.846517e-15
6084.033248    9.861359e-15
6085.774732    9.873829e-15
6087.516217    9.837629e-15
6089.257702    9.833536e-15
6090.999187    9.825979e-15
6092.740671    9.835169e-15
6094.482156    9.833183e-15
6096.223641    9.763589e-15
6097.965126    9.733444e-15
6099.706611    9.719606e-15
6101.448095    9.700716e-15
6103.189580    9.683868e-15
6104.931065    9.710137e-15
6106.672550    9.761034e-15
6108.414034    9.839861e-15
6110.155519    9.842958e-15
6111.897004    9.842359e-15
6113.638489    9.791690e-15
6115.379974    9.739929e-15
6117.121458    9.757435e-15
6118.862943    9.763469e-15
6120.604428    9.756579e-15
6122.345913    9.708263e-15
6124.087397    9.703276e-15
6125.828882    9.727400e-15
6127.570367    9.659117e-15
6129.311852    9.618775e-15
6131.053337    9.616058e-15
6132.794821    9.618988e-15
6134.536306    9.524277e-15
6136.277791    9.476910e-15
6138.019276    9.432673e-15
6139.760761    9.540324e-15
6141.502245    9.595333e-15
6143.243730    9.596002e-15
6144.985215    9.695414e-15
6146.726700    9.674877e-15
6148.468184    9.627231e-15
6150.209669    9.663824e-15
6151.951154    9.551024e-15
6153.692639    9.457109e-15
6155.434124    9.463427e-15
6157.175608    9.432337e-15
6158.917093    9.307191e-15
6160.658578    9.208105e-15
6162.400063    9.217568e-15
6164.141547    9.240501e-15
6165.883032    9.271842e-15
6167.624517    9.317231e-15
6169.366002    9.352962e-15
6171.107487    9.417882e-15
6172.848971    9.488502e-15
6174.590456    9.527715e-15
6176.331941    9.552744e-15
6178.073426    9.606280e-15
6179.814910    9.614545e-15
6181.556395    9.599928e-15
6183.297880    9.575200e-15
6185.039365    9.598744e-15
6186.780850    9.599881e-15
6188.522334    9.585975e-15
6190.263819    9.521464e-15
6192.005304    9.514743e-15
6193.746789    9.567789e-15
6195.488274    9.658175e-15
6197.229758    9.735824e-15
6198.971243    9.687839e-15
6200.712728    9.654943e-15
6202.454213    9.689526e-15
6204.195697    9.690944e-15
6205.937182    9.666496e-15
6207.678667    9.666247e-15
6209.420152    9.611922e-15
6211.161637    9.563433e-15
6212.903121    9.572064e-15
6214.644606    9.538506e-15
6216.386091    9.470653e-15
6218.127576    9.465586e-15
6219.869060    9.504996e-15
6221.610545    9.553603e-15
6223.352030    9.489608e-15
6225.093515    9.430519e-15
6226.835000    9.446704e-15
6228.576484    9.436620e-15
6230.317969    9.431747e-15
6232.059454    9.402870e-15
6233.800939    9.324842e-15
6235.542423    9.382193e-15
6237.283908    9.329822e-15
6239.025393    9.329406e-15
6240.766878    9.382337e-15
6242.508363    9.337751e-15
6244.249847    9.294976e-15
6245.991332    9.229981e-15
6247.732817    9.227889e-15
6249.474302    9.236540e-15
6251.215787    9.236811e-15
6252.957271    9.282168e-15
6254.698756    9.285538e-15
6256.440241    9.237204e-15
6258.181726    9.330944e-15
6259.923210    9.448983e-15
6261.664695    9.391389e-15
6263.406180    9.349091e-15
6265.147665    9.358233e-15
6266.889150    9.306373e-15
6268.630634    9.297441e-15
6270.372119    9.314582e-15
6272.113604    9.298487e-15
6273.855089    9.247449e-15
6275.596573    9.221311e-15
6277.338058    9.206792e-15
6279.079543    9.169178e-15
6280.821028    9.203124e-15
6282.562513    9.254734e-15
6284.303997    9.252910e-15
6286.045482    9.222973e-15
6287.786967    9.253786e-15
6289.528452    9.331482e-15
6291.269936    9.260986e-15
6293.011421    9.133943e-15
6294.752906    9.158556e-15
6296.494391    9.218582e-15
6298.235876    9.181300e-15
6299.977360    9.124944e-15
6301.718845    9.200232e-15
6303.460330    9.272136e-15
6305.201815    9.191349e-15
6306.943300    9.223238e-15
6308.684784    9.232128e-15
6310.426269    9.175096e-15
6312.167754    9.171995e-15
6313.909239    9.063241e-15
6315.650723    9.054324e-15
6317.392208    9.125479e-15
6319.133693    9.147104e-15
6320.875178    9.173381e-15
6322.616663    9.208182e-15
6324.358147    9.161396e-15
6326.099632    9.174929e-15
6327.841117    9.216116e-15
6329.582602    9.193309e-15
6331.324086    9.172066e-15
6333.065571    9.145722e-15
6334.807056    9.119845e-15
6336.548541    9.074574e-15
6338.290026    9.115187e-15
6340.031510    9.220738e-15
6341.772995    9.198172e-15
6343.514480    9.212153e-15
6345.255965    9.225763e-15
6346.997449    9.262443e-15
6348.738934    9.309796e-15
6350.480419    9.255746e-15
6352.221904    9.192323e-15
6353.963389    9.138839e-15
6355.704873    9.107305e-15
6357.446358    9.154841e-15
6359.187843    9.152159e-15
6360.929328    9.079580e-15
6362.670813    9.108400e-15
6364.412297    9.154892e-15
6366.153782    9.204204e-15
6367.895267    9.245563e-15
6369.636752    9.209240e-15
6371.378236    9.235559e-15
6373.119721    9.232273e-15
6374.861206    9.201111e-15
6376.602691    9.242680e-15
6378.344176    9.241101e-15
6380.085660    9.259413e-15
6381.827145    9.250028e-15
6383.568630    9.230187e-15
6385.310115    9.167423e-15
6387.051599    9.163621e-15
6388.793084    9.158330e-15
6390.534569    9.061688e-15
6392.276054    9.012442e-15
6394.017539    9.015631e-15
6395.759023    8.959409e-15
6397.500508    8.930861e-15
6399.241993    9.000570e-15
6400.983478    8.992037e-15
6402.724963    8.960384e-15
6404.466447    9.021192e-15
6406.207932    8.970802e-15
6407.949417    8.915494e-15
6409.690902    8.959161e-15
6411.432386    8.930727e-15
6413.173871    8.925400e-15
6414.915356    8.977254e-15
6416.656841    8.929852e-15
6418.398326    8.954632e-15
6420.139810    8.976212e-15
6421.881295    9.018145e-15
6423.622780    9.002658e-15
6425.364265    8.988438e-15
6427.105749    8.979873e-15
6428.847234    8.972469e-15
6430.588719    8.941399e-15
6432.330204    8.920073e-15
6434.071689    8.961449e-15
6435.813173    8.966975e-15
6437.554658    8.926062e-15
6439.296143    8.934436e-15
6441.037628    8.950308e-15
6442.779112    8.966592e-15
6444.520597    8.974434e-15
6446.262082    8.914836e-15
6448.003567    8.856590e-15
6449.745052    8.866589e-15
6451.486536    8.899071e-15
6453.228021    8.848722e-15
6454.969506    8.814812e-15
6456.710991    8.810713e-15
6458.452476    8.862145e-15
6460.193960    8.833687e-15
6461.935445    8.758787e-15
6463.676930    8.746219e-15
6465.418415    8.799381e-15
6467.159899    8.788179e-15
6468.901384    8.771262e-15
6470.642869    8.827208e-15
6472.384354    8.802599e-15
6474.125839    8.753493e-15
6475.867323    8.756059e-15
6477.608808    8.827089e-15
6479.350293    8.790409e-15
6481.091778    8.666314e-15
6482.833262    8.647862e-15
6484.574747    8.684884e-15
6486.316232    8.670481e-15
6488.057717    8.562885e-15
6489.799202    8.488163e-15
6491.540686    8.454838e-15
6493.282171    8.436067e-15
6495.023656    8.433367e-15
6496.765141    8.468719e-15
6498.506625    8.540809e-15
6500.248110    8.614805e-15
6501.989595    8.661248e-15
6503.731080    8.672036e-15
6505.472565    8.711213e-15
6507.214049    8.714629e-15
6508.955534    8.716033e-15
6510.697019    8.740468e-15
6512.438504    8.738800e-15
6514.179989    8.696898e-15
6515.921473    8.644728e-15
6517.662958    8.631691e-15
6519.404443    8.609500e-15
6521.145928    8.626498e-15
6522.887412    8.615891e-15
6524.628897    8.602968e-15
6526.370382    8.623022e-15
6528.111867    8.594303e-15
6529.853352    8.581026e-15
6531.594836    8.602072e-15
6533.336321    8.637757e-15
6535.077806    8.631156e-15
6536.819291    8.574852e-15
6538.560775    8.545498e-15
6540.302260    8.486471e-15
6542.043745    8.399147e-15
6543.785230    8.333549e-15
6545.526715    8.293862e-15
6547.268199    8.232755e-15
6549.009684    8.149080e-15
6550.751169    7.990439e-15
6552.492654    7.791725e-15
6554.234138    7.605686e-15
6555.975623    7.384496e-15
6557.717108    7.226687e-15
6559.458593    7.020899e-15
6561.200078    6.809740e-15
6562.941562    6.916777e-15
6564.683047    7.181320e-15
6566.424532    7.449065e-15
6568.166017    7.699801e-15
6569.907502    7.833370e-15
6571.648986    7.899926e-15
6573.390471    7.997328e-15
6575.131956    8.135568e-15
6576.873441    8.235824e-15
6578.614925    8.288329e-15
6580.356410    8.330454e-15
6582.097895    8.299710e-15
6583.839380    8.311996e-15
6585.580865    8.344310e-15
6587.322349    8.259983e-15
6589.063834    8.246182e-15
6590.805319    8.234289e-15
6592.546804    8.225467e-15
6594.288288    8.205495e-15
6596.029773    8.261666e-15
6597.771258    8.303531e-15
6599.512743    8.301877e-15
6601.254228    8.305116e-15
6602.995712    8.349278e-15
6604.737197    8.367346e-15
6606.478682    8.311297e-15
6608.220167    8.275268e-15
6609.961651    8.305667e-15
6611.703136    8.346934e-15
6613.444621    8.395415e-15
6615.186106    8.391832e-15
6616.927591    8.423736e-15
6618.669075    8.374139e-15
6620.410560    8.366102e-15
6622.152045    8.368311e-15
6623.893530    8.299901e-15
6625.635015    8.337418e-15
6627.376499    8.318008e-15
6629.117984    8.183544e-15
6630.859469    8.184620e-15
6632.600954    8.213302e-15
6634.342438    8.208672e-15
6636.083923    8.226084e-15
6637.825408    8.217703e-15
6639.566893    8.195757e-15
6641.308378    8.201167e-15
6643.049862    8.229632e-15
6644.791347    8.232536e-15
6646.532832    8.218929e-15
6648.274317    8.209683e-15
6650.015801    8.226522e-15
6651.757286    8.255605e-15
6653.498771    8.239861e-15
6655.240256    8.239248e-15
6656.981741    8.200330e-15
6658.723225    8.199320e-15
6660.464710    8.231333e-15
6662.206195    8.181495e-15
6663.947680    8.125722e-15
6665.689164    8.145707e-15
6667.430649    8.172081e-15
6669.172134    8.194554e-15
6670.913619    8.210367e-15
6672.655104    8.183450e-15
6674.396588    8.150084e-15
6676.138073    8.118579e-15
6677.879558    8.107936e-15
6679.621043    8.119150e-15
6681.362528    8.170543e-15
6683.104012    8.147520e-15
6684.845497    8.159728e-15
6686.586982    8.180931e-15
6688.328467    8.166494e-15
6690.069951    8.163022e-15
6691.811436    8.163672e-15
6693.552921    8.128777e-15
6695.294406    8.129984e-15
6697.035891    8.086158e-15
6698.777375    8.084636e-15
6700.518860    8.096499e-15
6702.260345    8.049684e-15
6704.001830    8.034741e-15
6705.743314    8.068819e-15
6707.484799    8.043894e-15
6709.226284    7.979361e-15
6710.967769    7.963716e-15
6712.709254    7.933160e-15
6714.450738    7.899450e-15
6716.192223    7.898547e-15
6717.933708    7.907759e-15
6719.675193    7.908541e-15
6721.416677    7.942951e-15
6723.158162    7.974956e-15
6724.899647    7.931558e-15
6726.641132    7.949485e-15
6728.382617    7.983512e-15
6730.124101    7.920755e-15
6731.865586    7.910784e-15
6733.607071    7.948987e-15
6735.348556    7.944481e-15
6737.090041    7.885059e-15
6738.831525    7.863754e-15
6740.573010    7.867240e-15
6742.314495    7.852066e-15
6744.055980    7.847494e-15
6745.797464    7.851167e-15
6747.538949    7.853350e-15
6749.280434    7.797855e-15
6751.021919    7.739632e-15
6752.763404    7.774656e-15
6754.504888    7.785132e-15
6756.246373    7.735241e-15
6757.987858    7.711526e-15
6759.729343    7.751330e-15
6761.470827    7.761204e-15
6763.212312    7.765518e-15
6764.953797    7.759629e-15
6766.695282    7.723763e-15
6768.436767    7.725412e-15
6770.178251    7.712537e-15
6771.919736    7.671494e-15
6773.661221    7.717816e-15
6775.402706    7.745552e-15
6777.144190    7.740781e-15
6778.885675    7.730607e-15
6780.627160    7.704076e-15
6782.368645    7.716161e-15
6784.110130    7.661443e-15
6785.851614    7.673473e-15
6787.593099    7.680935e-15
6789.334584    7.676905e-15
6791.076069    7.635963e-15
6792.817554    7.594364e-15
6794.559038    7.623911e-15
6796.300523    7.597886e-15
6798.042008    7.562403e-15
6799.783493    7.599220e-15
6801.524977    7.597772e-15
6803.266462    7.557901e-15
6805.007947    7.561134e-15
6806.749432    7.559810e-15
6808.490917    7.541215e-15
6810.232401    7.517263e-15
6811.973886    7.500444e-15
6813.715371    7.515030e-15
6815.456856    7.516909e-15
6817.198340    7.529920e-15
6818.939825    7.533084e-15
6820.681310    7.505949e-15
6822.422795    7.479245e-15
6824.164280    7.416697e-15
6825.905764    7.394618e-15
6827.647249    7.433727e-15
6829.388734    7.396378e-15
6831.130219    7.338973e-15
6832.871703    7.401264e-15
6834.613188    7.379837e-15
6836.354673    7.368284e-15
6838.096158    7.355670e-15
6839.837643    7.295757e-15
6841.579127    7.304367e-15
6843.320612    7.295030e-15
6845.062097    7.275998e-15
6846.803582    7.292935e-15
6848.545067    7.330926e-15
6850.286551    7.394256e-15
6852.028036    7.307423e-15
6853.769521    7.233142e-15
6855.511006    7.184428e-15
6857.252490    7.143858e-15
6858.993975    7.021006e-15
6860.735460    6.845047e-15
6862.476945    6.696773e-15
6864.218430    6.553493e-15
6865.959914    6.307402e-15
6867.701399    6.099431e-15
6869.442884    6.033422e-15
6871.184369    5.999755e-15
6872.925853    6.139169e-15
6874.667338    6.355021e-15
6876.408823    6.450023e-15
6878.150308    6.490584e-15
6879.891793    6.541255e-15
6881.633277    6.590334e-15
6883.374762    6.609316e-15
6885.116247    6.561353e-15
6886.857732    6.509527e-15
6888.599216    6.600777e-15
6890.340701    6.546743e-15
6892.082186    6.518791e-15
6893.823671    6.578342e-15
6895.565156    6.601422e-15
6897.306640    6.621277e-15
6899.048125    6.609149e-15
6900.789610    6.664636e-15
6902.531095    6.696220e-15
6904.272580    6.687074e-15
6906.014064    6.703315e-15
6907.755549    6.759948e-15
6909.497034    6.757227e-15
6911.238519    6.740832e-15
6912.980003    6.754058e-15
6914.721488    6.771555e-15
6916.462973    6.805636e-15
6918.204458    6.858921e-15
6919.945943    6.875182e-15
6921.687427    6.914394e-15
6923.428912    6.886364e-15
6925.170397    6.867634e-15
6926.911882    6.906934e-15
6928.653366    6.934810e-15
6930.394851    6.966739e-15
6932.136336    6.910534e-15
6933.877821    6.897115e-15
6935.619306    6.944648e-15
6937.360790    6.926441e-15
6939.102275    6.845024e-15
6940.843760    6.839226e-15
6942.585245    6.837957e-15
6944.326730    6.823782e-15
6946.068214    6.830127e-15
6947.809699    6.824836e-15
6949.551184    6.821142e-15
6951.292669    6.838816e-15
6953.034153    6.872460e-15
6954.775638    6.889946e-15
6956.517123    6.882201e-15
6958.258608    6.886384e-15
6960.000093    6.935473e-15
6961.741577    6.999450e-15
6963.483062    6.990469e-15
6965.224547    6.945002e-15
6966.966032    6.907342e-15
6968.707516    6.879736e-15
6970.449001    6.896514e-15
6972.190486    6.904930e-15
6973.931971    6.876452e-15
6975.673456    6.829224e-15
6977.414940    6.865703e-15
6979.156425    6.832154e-15
6980.897910    6.802271e-15
6982.639395    6.858161e-15
6984.380879    6.874992e-15
6986.122364    6.854964e-15
6987.863849    6.812294e-15
6989.605334    6.773486e-15
6991.346819    6.777086e-15
6993.088303    6.782893e-15
6994.829788    6.778313e-15
6996.571273    6.772968e-15
6998.312758    6.764263e-15
7000.054243    6.748444e-15
7001.795727    6.742943e-15
7003.537212    6.753814e-15
7005.278697    6.677930e-15
7007.020182    6.684047e-15
7008.761666    6.712979e-15
7010.503151    6.685060e-15
7012.244636    6.627760e-15
7013.986121    6.639883e-15
7015.727606    6.639498e-15
7017.469090    6.604509e-15
7019.210575    6.606862e-15
7020.952060    6.615315e-15
7022.693545    6.643768e-15
7024.435029    6.628616e-15
7026.176514    6.596275e-15
7027.917999    6.634141e-15
7029.659484    6.663546e-15
7031.400969    6.654428e-15
7033.142453    6.633573e-15
7034.883938    6.679479e-15
7036.625423    6.720131e-15
7038.366908    6.739147e-15
7040.108392    6.738749e-15
7041.849877    6.718041e-15
7043.591362    6.752377e-15
7045.332847    6.769428e-15
7047.074332    6.741520e-15
7048.815816    6.705657e-15
7050.557301    6.680300e-15
7052.298786    6.719620e-15
7054.040271    6.719523e-15
7055.781756    6.660633e-15
7057.523240    6.633569e-15
7059.264725    6.650234e-15
7061.006210    6.670792e-15
7062.747695    6.677483e-15
7064.489179    6.679433e-15
7066.230664    6.664172e-15
7067.972149    6.608781e-15
7069.713634    6.670365e-15
7071.455119    6.679497e-15
7073.196603    6.610446e-15
7074.938088    6.566571e-15
7076.679573    6.605642e-15
7078.421058    6.599862e-15
7080.162542    6.605248e-15
7081.904027    6.604458e-15
7083.645512    6.581424e-15
7085.386997    6.582049e-15
7087.128482    6.566255e-15
7088.869966    6.550724e-15
7090.611451    6.574030e-15
7092.352936    6.584677e-15
7094.094421    6.613363e-15
7095.835905    6.628950e-15
7097.577390    6.589611e-15
7099.318875    6.589430e-15
7101.060360    6.617629e-15
7102.801845    6.649509e-15
7104.543329    6.665003e-15
7106.284814    6.629091e-15
7108.026299    6.621743e-15
7109.767784    6.608538e-15
7111.509269    6.561345e-15
7113.250753    6.505727e-15
7114.992238    6.520210e-15
7116.733723    6.566533e-15
7118.475208    6.541513e-15
7120.216692    6.508433e-15
7121.958177    6.541400e-15
7123.699662    6.530594e-15
7125.441147    6.538456e-15
7127.182632    6.510487e-15
7128.924116    6.501481e-15
7130.665601    6.489122e-15
7132.407086    6.478183e-15
7134.148571    6.481575e-15
7135.890055    6.456869e-15
7137.631540    6.483639e-15
7139.373025    6.511775e-15
7141.114510    6.479061e-15
7142.855995    6.493078e-15
7144.597479    6.439883e-15
7146.338964    6.356527e-15
7148.080449    6.389657e-15
7149.821934    6.437727e-15
7151.563418    6.417862e-15
7153.304903    6.422696e-15
7155.046388    6.405660e-15
7156.787873    6.356162e-15
7158.529358    6.343926e-15
7160.270842    6.301387e-15
7162.012327    6.217711e-15
7163.753812    6.149389e-15
7165.495297    6.118382e-15
7167.236782    6.123163e-15
7168.978266    6.118277e-15
7170.719751    6.100640e-15
7172.461236    6.059042e-15
7174.202721    5.993436e-15
7175.944205    5.966694e-15
7177.685690    5.910150e-15
7179.427175    5.862256e-15
7181.168660    5.852433e-15
7182.910145    5.841100e-15
7184.651629    5.771305e-15
7186.393114    5.755881e-15
7188.134599    5.786256e-15
7189.876084    5.745885e-15
7191.617568    5.796198e-15
7193.359053    5.810721e-15
7195.100538    5.791408e-15
7196.842023    5.821874e-15
7198.583508    5.820733e-15
7200.324992    5.811056e-15
7202.066477    5.854571e-15
7203.807962    5.863933e-15
7205.549447    5.909870e-15
7207.290931    5.984814e-15
7209.032416    6.004999e-15
7210.773901    6.096600e-15
7212.515386    6.186050e-15
7214.256871    6.135558e-15
7215.998355    6.120187e-15
7217.739840    6.150641e-15
7219.481325    6.142874e-15
7221.222810    6.092381e-15
7222.964295    6.068939e-15
7224.705779    6.041864e-15
7226.447264    5.978737e-15
7228.188749    5.988437e-15
7229.930234    5.958659e-15
7231.671718    5.880738e-15
7233.413203    5.849360e-15
7235.154688    5.855682e-15
7236.896173    5.840052e-15
7238.637658    5.829585e-15
7240.379142    5.844893e-15
7242.120627    5.860630e-15
7243.862112    5.898134e-15
7245.603597    5.846345e-15
7247.345081    5.852762e-15
7249.086566    5.871469e-15
7250.828051    5.850554e-15
7252.569536    5.834961e-15
7254.311021    5.844485e-15
7256.052505    5.894674e-15
7257.793990    5.907941e-15
7259.535475    5.876143e-15
7261.276960    5.847978e-15
7263.018444    5.834118e-15
7264.759929    5.824573e-15
7266.501414    5.823720e-15
7268.242899    5.755314e-15
7269.984384    5.763698e-15
7271.725868    5.788750e-15
7273.467353    5.761810e-15
7275.208838    5.737861e-15
7276.950323    5.735732e-15
7278.691808    5.724732e-15
7280.433292    5.683096e-15
7282.174777    5.657657e-15
7283.916262    5.660631e-15
7285.657747    5.665947e-15
7287.399231    5.642433e-15
7289.140716    5.616472e-15
7290.882201    5.610124e-15
7292.623686    5.613785e-15
7294.365171    5.654747e-15
7296.106655    5.738537e-15
7297.848140    5.732921e-15
7299.589625    5.683963e-15
7301.331110    5.716506e-15
7303.072594    5.744061e-15
7304.814079    5.695771e-15
7306.555564    5.670921e-15
7308.297049    5.662416e-15
7310.038534    5.657565e-15
7311.780018    5.686224e-15
7313.521503    5.722753e-15
7315.262988    5.713091e-15
7317.004473    5.711454e-15
7318.745957    5.708568e-15
7320.487442    5.719858e-15
7322.228927    5.723073e-15
7323.970412    5.729193e-15
7325.711897    5.661655e-15
7327.453381    5.673062e-15
7329.194866    5.721510e-15
7330.936351    5.722920e-15
7332.677836    5.713636e-15
7334.419321    5.721326e-15
7336.160805    5.719667e-15
7337.902290    5.698336e-15
7339.643775    5.676753e-15
7341.385260    5.681277e-15
7343.126744    5.680199e-15
7344.868229    5.628118e-15
7346.609714    5.609321e-15
7348.351199    5.616825e-15
7350.092684    5.586182e-15
7351.834168    5.565652e-15
7353.575653    5.523883e-15
7355.317138    5.542061e-15
7357.058623    5.541960e-15
7358.800107    5.484307e-15
7360.541592    5.485227e-15
7362.283077    5.505898e-15
7364.024562    5.500109e-15
7365.766047    5.478316e-15
7367.507531    5.461071e-15
7369.249016    5.429719e-15
7370.990501    5.384979e-15
7372.731986    5.386972e-15
7374.473470    5.335175e-15
7376.214955    5.278724e-15
7377.956440    5.275005e-15
7379.697925    5.244109e-15
7381.439410    5.203681e-15
7383.180894    5.146476e-15
7384.922379    5.068709e-15
7386.663864    5.053168e-15
7388.405349    5.037560e-15
7390.146834    5.046666e-15
7391.888318    5.045498e-15
7393.629803    5.023564e-15
7395.371288    5.008336e-15
7397.112773    5.013364e-15
7398.854257    5.003972e-15
7400.595742    4.969923e-15
7402.337227    4.944869e-15
7404.078712    4.900092e-15
7405.820197    4.868406e-15
7407.561681    4.833365e-15
7409.303166    4.805040e-15
7411.044651    4.794936e-15
7412.786136    4.775690e-15
7414.527620    4.756339e-15
7416.269105    4.756408e-15
7418.010590    4.784739e-15
7419.752075    4.786880e-15
7421.493560    4.765795e-15
7423.235044    4.734308e-15
7424.976529    4.736765e-15
7426.718014    4.751657e-15
7428.459499    4.739323e-15
7430.200983    4.714590e-15
7431.942468    4.712751e-15
7433.683953    4.694019e-15
7435.425438    4.669144e-15
7437.166923    4.693374e-15
7438.908407    4.666340e-15
7440.649892    4.591519e-15
7442.391377    4.620771e-15
7444.132862    4.703223e-15
7445.874347    4.673615e-15
7447.615831    4.649759e-15
7449.357316    4.701101e-15
7451.098801    4.667994e-15
7452.840286    4.716558e-15
7454.581770    4.774366e-15
7456.323255    4.777410e-15
7458.064740    4.849703e-15
7459.806225    4.919510e-15
7461.547710    4.974205e-15
7463.289194    5.031193e-15
7465.030679    5.091162e-15
7466.772164    5.153432e-15
7468.513649    5.219371e-15
7470.255133    5.289510e-15
7471.996618    5.363289e-15
7473.738103    5.440896e-15
7475.479588    5.523262e-15
7477.221073    5.610640e-15
7478.962557    5.703038e-15
7480.704042    5.799843e-15
7482.445527    7.144131e-15
7484.187012    7.308934e-15
